20
31 198 731 3648 1011 3895 1003 1505 3436 5708 5575 1976 8865 2671 6557 6471 3060 4438 8459 1477 
346 5352 11736 398 7494 708 4300 963 1133 6373 8475 1442 7438 1801 2078 2188 2805 2612 6445 2944 
10818 8034 8029 4536 6274 1732 8252 13360 8665 5327 2470 2398 8017 2939 15942 6134 8930 4149 5846 7492 
23766 405 649 18906 4963 24127 10445 17795 14682 19266 14095 3769 5068 21338 28790 18090 6962 21272 8195 9011 
8124 396 782 1102 1633 2201 2510 3109 3477 3980 4463 4872 5318 6002 7154 6594 6445 8290 8324 9220 
469 792 1033 1434 1765 2587 2649 3605 4049 4500 5839 5471 6858 7297 7009 8888 9119 9208 10303 10391 
1485 627 1229 2079 2148 3131 3464 5134 5395 5761 5852 6829 7778 7099 8375 10947 10161 10248 11622 13279 
278 705 1464 2130 2677 3850 3734 4576 5590 7335 7339 7917 9369 10698 9974 11534 11427 12512 11933 15186 
635 844 1762 2371 3704 4052 4793 5485 6791 7309 7692 8676 11193 10083 13067 12791 13603 14201 15126 14959 
454 1690 1952 2936 3741 3918 5817 7170 6532 8341 9256 9934 10487 11588 13339 13755 15170 14416 16875 17437 
1788 1048 2131 3289 4117 5830 6097 7116 7702 9438 10021 11780 15343 17228 14928 16738 15380 19516 19116 19515 
936 1246 2181 3441 4353 5444 6357 7756 8099 10237 10897 12335 13945 14255 16192 16348 17530 19667 21263 20902 
1085 1574 2262 3904 5133 5257 7822 8176 10062 11145 12811 12844 14524 15079 17572 16432 21341 20594 22159 22960 
1387 1555 2727 3970 5057 6648 8134 8780 8979 12353 13642 12450 16476 16438 18175 19565 20487 23751 24442 24206 
1754 1697 2794 4079 5202 7710 8314 9654 11377 12675 13937 15338 17062 18702 20160 20176 23363 23697 24503 25357 
1625 1814 2906 4423 6252 7488 8995 10806 12119 12953 15484 15556 18054 20370 19738 21299 25678 25434 26377 29035 
821 1781 3229 4816 6435 7936 9117 11509 13764 14647 16420 15889 20705 21097 22463 23801 34761 27085 28386 29914 
645 2486 3389 5013 6631 8569 9919 12519 12134 15579 17534 18479 18981 20165 23039 25437 25876 31150 28725 32798 
898 2271 3929 5242 7372 8370 10788 12644 14565 16055 18651 19608 21929 23051 24408 27094 28413 29583 33296 33799 
2439 2085 4009 5593 7193 9305 11484 13168 15106 18024 18288 20107 21020 26085 26508 28744 30182 32361 32827 36708 
